1000
4500
0 360
0 541
0 837
1 892
2 174
2 180
2 245
2 501
2 541
2 605
2 859
2 931
3 194
3 353
3 360
4 186
4 229
4 258
5 53
5 70
5 129
5 438
5 674
5 750
5 858
5 911
6 661
6 739
7 8
7 63
7 838
8 147
8 409
9 29
9 143
9 825
9 935
10 55
10 58
10 94
10 323
10 625
10 935
11 831
12 3
12 40
12 124
12 208
12 324
12 396
12 576
13 125
13 555
13 689
14 178
14 471
14 560
14 564
14 666
14 858
14 927
15 62
15 643
15 771
15 832
16 1
16 589
16 881
17 700
17 782
17 786
17 936
17 949
18 20
18 615
18 711
19 58
19 151
19 529
19 535
20 278
20 295
20 630
20 744
20 798
20 925
21 296
21 430
21 754
22 33
22 182
22 464
22 696
22 823
23 77
23 117
23 177
23 335
23 628
23 631
23 703
23 914
24 535
24 730
24 740
24 781
24 829
25 51
25 68
25 194
25 297
25 520
26 110
27 36
27 175
27 417
27 832
28 242
28 266
28 291
28 755
28 954
29 21
29 456
29 662
30 276
30 344
30 786
31 51
31 220
31 377
32 198
32 305
32 489
32 754
32 908
32 988
33 66
33 310
33 715
33 743
33 954
34 255
34 275
34 749
34 759
34 794
34 993
35 9
35 55
35 180
35 617
35 913
36 416
36 478
36 514
37 171
37 964
37 994
38 109
38 113
38 386
38 612
38 619
38 643
38 720
39 188
39 319
39 320
39 692
39 695
39 994
40 296
40 332
40 674
40 824
41 88
41 93
41 533
41 799
41 983
42 160
42 249
42 277
42 535
42 758
42 882
43 469
43 504
43 665
44 139
44 176
44 281
44 380
44 663
44 769
45 144
45 158
45 208
45 334
45 846
45 881
46 124
46 603
47 97
47 696
47 887
48 13
48 261
48 316
48 343
48 357
48 632
49 23
49 154
49 301
49 591
49 921
50 31
50 156
50 189
50 730
51 286
51 646
51 678
52 101
52 752
52 979
53 246
53 711
53 726
54 66
54 286
54 621
54 628
55 166
55 290
55 322
55 477
55 646
55 900
56 325
56 340
56 496
56 776
56 819
57 923
57 947
58 2
58 470
58 509
58 776
59 179
60 49
60 235
60 246
60 260
60 432
60 522
60 656
60 714
61 246
61 325
61 620
61 719
61 914
62 51
62 520
62 557
62 793
62 850
63 153
63 231
63 647
63 688
63 694
63 804
63 901
64 244
64 400
64 493
65 330
65 506
65 573
66 81
66 185
66 350
66 430
66 537
66 557
66 601
66 794
66 977
67 8
67 97
67 221
67 365
67 620
67 997
68 126
68 260
68 373
68 468
68 783
68 794
68 911
69 84
69 366
69 389
69 467
69 499
69 738
69 855
69 903
70 217
70 607
71 26
71 139
71 568
71 698
72 182
72 302
72 559
72 698
73 807
73 871
73 948
74 145
74 186
74 591
74 940
75 138
75 143
76 55
76 121
76 133
76 184
76 243
76 464
76 729
76 945
77 72
77 73
77 90
77 111
77 133
77 471
77 770
77 806
77 816
77 875
78 117
78 282
78 934
78 941
79 1
79 120
79 196
79 308
79 316
79 430
79 570
80 305
80 658
80 936
81 135
81 282
81 344
81 430
81 621
81 832
81 945
82 183
82 272
82 511
82 609
82 648
82 860
82 897
83 284
83 515
83 599
83 770
83 812
84 411
84 623
84 723
85 114
85 358
85 379
85 436
85 470
86 254
86 328
86 412
86 517
86 528
87 82
87 523
87 593
87 645
87 721
87 919
87 955
87 988
88 307
88 472
88 763
89 646
89 725
89 762
90 26
90 35
90 76
90 172
90 175
90 254
90 414
90 723
90 891
90 963
91 24
91 169
91 173
91 489
91 519
91 721
92 43
92 65
92 207
92 384
92 917
93 682
93 826
94 9
94 74
94 484
94 677
94 884
94 900
95 233
95 563
95 759
95 961
96 17
96 119
96 336
96 339
96 742
96 830
96 890
97 218
97 393
97 582
97 720
97 893
97 981
98 295
98 376
98 554
98 888
99 53
99 61
99 383
99 514
99 776
99 842
100 135
100 444
100 587
100 679
101 78
101 549
101 552
101 658
101 921
102 153
102 188
102 256
102 606
103 645
103 729
104 55
104 147
104 218
104 260
104 458
104 918
105 465
105 686
105 687
106 249
106 495
107 203
107 658
108 72
108 131
108 423
108 447
108 582
109 694
109 855
109 874
110 52
110 365
110 473
110 566
110 585
111 239
111 662
111 910
112 142
112 275
112 530
112 830
112 910
113 856
114 355
114 369
114 546
115 235
115 478
115 558
115 758
115 864
116 205
116 469
116 601
116 632
116 651
116 778
116 969
117 46
117 283
118 127
118 883
118 996
119 738
119 843
119 887
120 61
120 211
120 477
120 527
120 848
121 17
121 104
121 350
121 528
121 682
121 806
122 238
122 505
122 715
122 974
123 94
123 598
123 675
123 797
124 408
124 712
125 232
125 372
125 589
125 625
125 653
125 797
126 252
126 373
126 455
126 481
127 244
127 279
127 288
127 477
127 813
128 12
128 99
128 370
128 561
128 886
128 906
129 393
129 433
129 541
129 822
129 933
130 327
130 499
130 726
130 826
130 925
131 160
131 219
131 454
131 488
131 525
131 598
131 615
131 800
132 124
132 159
132 344
132 346
132 380
132 407
132 644
132 704
133 159
133 199
133 212
133 261
133 287
133 541
133 577
134 110
134 743
134 767
135 113
135 568
135 773
136 85
136 469
136 504
136 591
136 710
136 885
136 900
136 933
136 959
137 207
137 275
137 669
137 713
137 784
137 847
137 848
137 981
138 390
138 678
138 797
138 807
138 866
138 999
140 6
140 104
140 252
140 720
140 768
140 819
141 72
141 610
142 101
142 278
142 927
142 950
143 871
143 891
144 96
144 478
144 483
144 594
144 724
145 41
145 170
146 620
147 84
147 154
147 437
148 3
148 15
148 383
148 500
148 553
149 131
149 480
149 950
150 82
150 106
150 171
150 770
150 917
150 957
151 170
151 178
151 508
151 898
151 935
152 458
152 814
152 910
153 570
153 931
154 18
154 623
154 715
154 897
155 123
155 157
155 438
155 451
156 93
156 190
156 210
156 238
156 299
156 434
156 728
156 778
156 850
156 966
157 52
157 129
157 205
157 245
157 310
157 494
157 574
158 119
158 272
159 45
159 245
159 375
159 630
160 153
160 238
161 43
161 298
161 388
161 764
162 176
162 236
163 333
163 570
163 649
163 726
164 18
164 91
164 196
164 950
164 956
165 489
165 560
165 668
166 106
166 248
166 407
166 683
167 54
167 371
167 741
167 755
167 767
168 184
168 276
168 300
168 620
168 719
169 162
169 378
169 828
169 836
170 98
170 324
170 339
170 497
170 650
170 748
170 749
171 322
171 414
171 568
171 948
172 312
172 727
172 798
172 922
173 438
173 530
173 701
173 803
174 28
174 76
174 469
174 533
174 727
175 338
176 32
176 103
176 259
176 355
176 379
176 403
176 408
176 540
176 903
177 327
177 329
177 486
178 16
178 77
178 473
178 847
178 916
179 303
179 516
179 564
179 598
179 738
179 818
179 833
179 990
180 340
180 437
180 525
181 394
181 542
181 660
181 784
181 851
182 190
182 254
182 646
183 394
183 513
183 603
184 92
184 366
184 436
184 606
184 716
184 722
184 869
184 997
185 144
185 388
185 631
185 776
185 844
185 878
185 936
186 159
186 370
187 1
187 252
187 416
187 524
187 542
187 609
187 655
187 713
187 742
188 144
188 241
188 390
188 834
189 40
190 30
190 49
190 494
190 639
190 662
190 816
190 966
191 404
191 422
191 743
192 110
192 364
192 565
192 578
193 249
193 265
193 469
193 482
194 20
194 199
194 251
194 408
194 993
195 197
195 213
195 709
196 33
196 217
196 574
197 200
197 450
197 528
197 602
197 654
197 806
197 840
197 845
198 95
198 122
198 426
198 575
198 689
198 749
199 47
199 49
199 375
199 432
199 581
199 697
199 730
200 303
200 823
201 360
201 401
201 724
202 431
202 476
202 755
202 820
203 587
203 791
204 146
204 311
204 596
204 745
205 211
205 388
205 464
205 495
205 647
205 672
205 901
206 335
206 340
206 744
206 836
207 277
207 367
207 652
207 894
208 40
208 92
208 214
208 397
208 657
208 718
208 760
209 161
209 547
209 741
209 892
209 977
210 311
210 343
210 351
210 737
210 908
210 988
211 19
211 155
211 272
211 447
211 462
211 772
211 830
211 831
211 979
212 497
212 960
213 16
213 52
213 320
213 408
213 667
213 920
214 48
214 273
214 280
214 350
214 367
214 792
215 178
215 565
215 690
215 854
215 894
215 934
215 948
216 40
216 333
216 343
216 755
216 789
216 882
216 974
217 30
217 300
217 649
217 871
217 943
218 413
218 426
218 467
218 626
218 781
219 14
219 62
219 236
219 259
219 587
219 755
219 920
220 115
220 339
220 639
221 21
221 187
221 310
221 349
221 520
221 746
221 764
221 863
222 152
222 205
222 428
222 630
222 858
223 107
223 399
223 481
223 589
223 796
223 864
223 903
224 71
224 208
224 458
224 736
224 946
225 372
226 65
226 507
226 632
226 936
227 71
227 628
227 637
227 865
228 211
228 534
228 539
228 617
228 700
228 982
229 317
229 428
229 966
230 182
230 271
230 433
230 578
230 794
231 19
231 45
231 123
231 217
231 417
232 944
233 88
233 141
233 167
233 216
233 372
233 448
234 185
234 566
234 582
234 853
234 896
235 104
235 257
235 429
235 513
235 644
235 717
236 92
236 195
236 366
236 713
237 295
237 345
237 524
238 514
238 521
238 684
238 893
239 128
239 361
239 524
239 538
240 46
240 130
240 776
241 17
241 70
241 197
241 392
241 468
241 529
241 909
241 981
242 57
242 153
242 254
242 314
242 356
242 695
243 573
243 603
243 658
243 795
244 10
244 63
244 91
244 93
244 496
244 683
244 817
245 371
245 437
245 614
245 857
245 938
246 148
246 196
246 209
246 270
246 355
246 538
246 725
246 835
247 38
247 343
247 629
247 688
247 970
248 98
248 181
248 279
248 375
248 516
248 937
249 38
249 462
249 602
250 437
250 518
250 571
251 246
251 789
251 843
252 626
252 680
252 896
253 155
253 353
253 979
253 985
254 14
254 34
254 77
254 374
254 484
254 870
255 105
255 284
255 438
255 779
255 872
255 885
256 232
256 277
256 458
256 467
256 624
256 700
256 788
256 936
256 996
257 44
257 130
257 940
257 987
258 20
258 332
258 399
258 667
259 22
259 116
259 128
259 522
259 581
259 869
260 480
260 663
261 36
261 117
261 206
261 266
261 465
261 480
261 930
261 986
262 29
262 167
262 258
262 266
262 675
262 917
263 60
263 180
263 349
263 571
263 584
264 421
264 471
264 654
264 794
265 69
265 140
265 438
265 503
265 656
266 51
266 79
266 393
267 187
267 214
267 263
267 313
267 334
267 402
267 748
267 866
267 877
268 396
268 586
268 775
268 834
268 959
269 111
269 393
269 544
269 738
270 158
270 398
270 493
270 535
270 642
270 737
270 951
271 592
271 600
271 809
271 999
272 106
272 684
272 969
273 96
273 643
273 817
274 165
274 255
274 336
274 754
275 129
276 66
276 182
276 432
276 440
276 638
276 737
277 205
277 249
277 702
277 743
278 67
278 121
278 162
278 266
278 692
278 704
278 726
278 912
279 697
279 734
279 851
279 964
280 42
280 429
281 116
281 181
281 289
281 321
281 399
281 661
281 710
281 782
281 965
282 93
282 341
282 518
282 712
283 133
283 571
283 866
283 937
284 168
284 179
284 438
284 826
285 259
285 522
285 886
286 224
286 681
286 696
286 750
287 120
287 130
287 140
287 406
287 479
287 512
288 522
288 981
289 693
289 819
289 841
290 255
290 647
290 670
290 677
290 815
290 843
291 149
291 495
292 7
292 264
292 287
292 526
293 839
294 142
294 449
294 457
294 470
294 476
294 753
295 32
295 120
295 135
295 384
295 468
295 932
295 946
295 971
296 2
296 70
296 168
296 225
296 693
296 773
296 796
296 812
297 373
297 377
297 495
297 666
297 807
297 922
297 987
298 34
298 621
298 623
298 854
298 904
298 979
299 291
299 662
299 752
299 787
300 159
300 478
300 510
300 515
300 627
300 794
300 916
301 38
301 418
301 573
302 15
302 265
302 585
302 724
302 927
303 347
304 0
304 601
304 886
304 921
305 241
305 365
305 423
305 743
306 75
306 248
306 618
306 750
307 152
307 353
307 431
307 722
308 304
308 370
308 426
308 931
309 96
309 527
309 739
309 780
309 812
310 498
310 547
310 676
310 935
310 966
311 173
311 355
311 741
312 207
312 264
312 484
312 661
312 943
313 344
313 689
314 77
314 329
314 709
314 976
315 584
315 809
316 597
317 158
317 225
317 252
317 280
317 536
317 590
317 830
318 552
318 758
319 438
319 510
319 722
320 165
320 548
320 824
321 421
321 701
321 796
321 921
322 53
322 113
322 147
322 209
322 226
322 466
322 640
322 699
322 936
323 45
323 50
323 287
323 341
323 372
323 941
324 311
324 624
324 641
324 983
325 52
325 136
325 262
325 573
325 628
325 656
325 708
326 40
326 319
326 371
326 383
326 422
326 610
326 700
326 849
326 857
327 177
327 267
327 473
327 478
327 735
327 759
327 822
327 953
328 247
328 397
328 463
328 573
328 985
328 998
329 186
329 208
329 411
329 533
329 594
329 617
330 91
330 281
330 476
330 560
330 682
330 903
331 139
331 309
331 343
331 383
331 935
332 75
332 112
332 412
332 659
332 821
332 889
333 7
333 908
333 922
334 238
334 715
334 777
334 877
335 343
335 424
335 430
335 485
335 641
335 851
335 863
335 867
336 141
336 395
336 438
336 542
336 881
336 984
337 10
337 499
337 594
337 686
338 799
338 908
338 917
339 285
339 407
339 589
339 611
339 643
339 824
339 869
339 931
340 48
340 128
340 852
340 889
341 85
341 373
342 24
342 338
342 349
342 634
343 203
343 447
343 834
344 66
344 542
344 748
344 870
344 940
345 291
345 386
345 398
345 482
345 773
346 13
346 200
346 825
346 885
346 939
347 20
347 593
347 649
347 928
347 952
348 18
348 22
348 518
348 605
349 143
349 214
349 236
349 277
349 430
349 936
350 114
350 596
351 79
351 95
351 386
351 786
351 838
352 409
352 444
353 195
353 220
353 372
353 453
353 653
353 806
354 299
354 313
354 371
354 487
354 811
354 889
355 719
355 892
355 966
356 208
356 341
356 457
356 539
356 818
356 913
357 58
357 116
357 433
357 500
357 673
357 741
357 865
358 291
358 930
359 502
359 541
359 776
359 859
359 889
360 76
360 286
360 651
361 6
361 224
361 397
361 466
361 987
362 74
362 132
362 379
362 423
362 564
362 683
362 815
362 879
363 173
363 417
363 622
363 966
364 151
364 850
364 996
365 199
365 241
365 742
365 967
366 34
366 325
366 606
366 663
366 772
366 857
367 500
367 587
367 748
367 886
367 934
368 205
368 271
368 409
368 809
369 6
369 7
369 72
369 703
369 808
370 12
370 65
370 277
370 299
370 386
371 29
371 133
371 169
371 449
371 462
371 510
371 721
371 939
372 518
372 649
372 842
372 935
373 85
373 150
373 497
373 741
374 235
374 461
374 510
374 605
374 684
374 741
375 581
375 671
376 174
376 530
376 853
377 179
377 884
378 339
379 5
379 111
379 116
379 363
379 593
379 835
380 22
380 110
380 277
380 317
380 747
380 942
380 998
381 288
381 493
381 763
381 891
382 53
382 212
382 267
382 523
382 526
382 683
382 868
383 399
383 552
383 954
384 227
384 533
384 719
384 840
384 844
384 858
384 864
385 563
385 635
385 653
385 819
386 270
386 326
386 355
386 598
386 985
387 263
387 299
387 421
387 596
388 247
388 555
388 585
388 624
388 823
388 896
389 92
389 165
389 378
389 712
389 757
389 770
390 150
391 531
391 553
391 597
391 617
392 190
392 264
392 468
392 600
393 343
393 360
393 374
395 247
395 266
395 358
395 562
395 650
395 894
396 240
396 533
396 588
396 860
397 367
397 583
398 170
398 692
399 89
399 955
400 240
400 357
400 437
400 458
400 726
401 114
401 293
401 294
401 438
401 471
401 493
401 549
401 577
401 864
402 81
402 331
402 396
402 532
403 243
403 318
403 379
403 457
403 463
403 551
403 675
403 919
404 181
404 396
404 883
405 159
405 308
405 326
405 355
405 458
405 494
405 565
405 937
406 72
406 86
406 196
406 233
406 271
406 304
406 309
406 514
406 807
406 827
407 133
407 312
407 323
407 343
407 401
407 966
408 92
409 146
409 320
409 386
409 454
410 131
410 340
410 456
410 475
410 622
411 764
412 244
412 560
412 865
412 999
413 33
413 80
413 163
413 330
413 341
413 366
413 617
413 973
414 167
414 222
414 345
414 763
415 3
415 356
415 658
416 363
417 202
417 235
417 507
417 591
417 720
417 825
418 21
418 460
419 219
419 254
419 840
420 45
420 458
420 826
420 829
421 228
421 354
421 732
421 962
422 306
422 556
422 714
422 858
422 983
423 169
423 636
425 352
425 681
425 758
425 897
426 555
427 83
427 155
427 272
427 300
427 404
427 720
427 808
427 920
428 10
428 64
428 157
428 160
428 201
428 290
428 602
428 814
429 137
429 828
430 123
430 460
430 564
431 425
431 734
431 765
431 897
432 195
432 429
433 212
433 449
433 538
433 583
433 622
434 317
434 425
434 837
434 840
435 24
435 630
435 705
435 773
436 39
436 141
436 342
436 982
437 85
437 491
437 697
437 943
438 65
438 161
438 289
438 508
438 851
439 202
439 434
439 497
439 703
440 319
440 424
440 668
440 904
441 50
441 64
441 131
441 418
441 701
441 913
441 935
442 119
442 237
442 424
442 550
442 753
442 800
442 881
442 959
443 153
443 272
444 668
445 103
445 370
445 795
446 965
447 187
447 211
447 300
447 965
448 13
448 25
448 75
448 95
448 125
448 503
448 514
448 549
448 962
449 513
449 568
449 785
450 758
451 464
452 102
452 250
452 372
452 431
452 489
452 627
452 803
452 901
453 255
453 264
453 409
453 528
453 576
453 596
453 647
453 803
453 883
454 156
454 211
454 435
454 531
454 592
454 633
454 638
454 737
454 958
455 7
455 73
455 174
455 257
455 475
455 627
456 497
456 642
456 783
457 141
457 158
457 314
457 400
457 574
457 618
457 784
457 823
457 824
457 952
458 471
458 654
458 933
459 230
459 297
459 393
460 980
461 175
461 420
461 598
462 558
463 140
463 190
463 306
463 404
463 482
463 852
464 118
464 217
464 264
464 626
464 653
464 931
465 182
465 262
465 267
465 634
465 660
465 905
465 957
466 60
466 606
466 867
467 40
467 417
467 811
468 241
468 279
468 286
469 213
469 329
469 447
469 710
469 781
469 858
470 253
470 374
470 663
470 779
471 175
471 203
471 624
471 727
471 769
471 861
472 35
472 77
472 219
472 266
472 482
472 602
472 853
473 536
473 552
473 582
473 787
474 208
474 666
474 817
475 272
476 183
476 251
477 36
477 94
477 367
477 389
477 403
477 512
477 841
477 844
477 849
477 868
478 285
478 512
478 662
478 807
478 867
478 927
478 991
479 493
480 416
480 966
481 195
481 413
482 202
482 478
482 778
483 92
483 133
483 284
483 322
483 680
483 954
484 69
484 133
484 548
484 662
485 126
485 296
485 458
486 43
487 269
487 693
488 13
488 103
488 259
488 471
488 764
488 799
489 164
489 372
489 426
489 508
489 548
489 665
489 829
490 21
490 94
490 125
490 137
490 689
490 768
491 458
491 615
491 706
491 991
492 326
492 401
492 404
492 476
492 535
492 559
492 667
493 35
493 809
494 699
495 256
495 635
495 862
496 261
496 292
496 558
496 741
496 773
497 385
497 500
497 652
498 54
498 511
498 568
499 139
499 649
499 827
499 989
499 995
500 62
500 166
500 219
500 236
500 549
500 868
501 703
501 807
501 872
501 947
502 18
502 205
502 210
502 315
502 805
503 35
503 463
503 482
504 193
504 273
504 322
505 33
505 46
505 247
505 966
506 0
506 352
506 540
506 656
506 868
507 247
507 323
507 378
507 504
507 681
507 710
507 934
508 25
508 332
508 821
508 888
509 484
509 607
509 610
509 829
509 912
510 206
510 207
510 301
510 376
510 380
510 518
510 954
511 285
511 669
512 420
512 935
512 999
513 480
514 152
514 230
514 663
514 839
514 842
515 126
515 664
515 959
516 48
516 491
516 617
516 664
516 720
516 816
516 877
517 178
517 239
517 316
517 412
517 463
517 488
518 53
519 145
519 206
519 437
519 810
520 239
520 281
520 306
520 397
520 565
520 708
520 778
521 392
521 469
521 792
522 349
522 606
523 366
523 604
523 757
523 915
524 73
524 101
524 230
524 284
525 359
525 638
525 722
525 738
525 862
526 29
526 232
526 328
526 497
526 621
526 622
526 801
527 320
527 329
527 688
527 740
527 749
527 973
528 192
528 560
528 833
529 155
529 216
529 240
529 365
529 393
529 503
529 763
529 815
529 857
529 951
530 51
530 535
530 572
530 803
530 813
531 430
531 880
532 294
532 341
533 504
533 693
533 773
533 940
534 63
534 297
534 369
534 638
534 674
535 611
536 503
536 612
536 782
536 902
537 116
537 368
537 667
537 677
537 785
538 60
538 324
538 710
538 763
538 769
539 76
539 161
539 319
539 338
539 514
539 530
539 609
539 849
539 904
540 296
540 438
540 524
540 554
540 592
540 702
540 717
540 784
541 5
541 571
542 138
542 340
542 383
542 663
542 929
543 159
543 255
544 637
545 53
545 157
545 220
545 275
545 360
545 574
545 990
546 210
546 241
546 306
546 934
546 965
547 34
547 187
547 278
547 355
547 457
547 766
547 785
547 993
548 48
548 257
548 414
549 233
549 265
549 343
549 475
549 510
550 23
550 39
550 715
551 476
551 520
551 562
551 795
552 17
552 160
552 450
552 574
552 906
553 134
553 564
553 642
554 149
554 397
554 832
554 910
554 954
554 965
555 225
555 326
555 330
555 366
555 850
556 84
556 262
557 639
557 813
557 919
558 68
558 229
558 367
558 547
558 740
558 765
559 111
559 295
559 761
560 508
561 159
561 197
561 204
561 637
561 885
561 888
562 151
562 193
562 211
562 283
562 350
562 475
562 598
562 642
563 763
564 97
564 172
564 842
564 893
565 172
565 295
565 814
565 946
566 285
566 554
566 696
566 735
566 745
566 994
567 162
567 196
567 505
567 583
567 616
567 644
567 808
567 957
567 995
568 189
568 309
568 407
568 516
568 537
568 651
568 720
568 736
569 89
569 180
570 236
570 389
570 966
571 17
571 112
571 198
571 223
571 291
571 457
572 492
572 590
572 621
572 623
572 726
572 885
573 133
573 156
573 323
573 518
573 975
574 72
574 147
574 533
574 589
575 147
575 633
575 799
575 832
576 89
576 140
576 166
576 421
576 783
576 805
577 392
577 593
578 313
578 755
578 776
579 787
580 20
580 138
580 894
580 975
580 995
582 149
582 184
582 199
582 985
583 278
583 316
583 344
583 879
583 942
583 974
584 174
584 374
584 504
584 840
584 941
585 57
585 169
585 281
586 174
586 214
586 224
586 738
586 854
587 425
587 503
587 583
588 180
588 291
588 402
588 579
588 742
588 756
588 978
589 187
589 415
589 727
589 807
590 30
590 33
590 280
590 501
590 801
590 866
590 936
591 181
591 257
591 316
591 813
591 943
592 188
592 499
592 547
592 554
593 165
593 233
593 627
593 841
593 935
595 117
595 249
595 920
596 236
596 279
596 550
596 732
596 733
596 998
597 207
597 209
597 335
597 337
597 367
597 473
597 897
598 325
598 440
598 595
598 635
598 804
598 958
599 10
599 50
599 329
599 335
599 563
599 740
600 142
600 363
600 391
600 473
600 498
601 634
601 643
601 830
602 215
602 307
602 733
602 946
603 243
603 443
603 552
603 659
604 208
604 879
605 365
605 386
605 605
605 660
605 720
606 3
606 536
606 561
606 735
607 687
607 818
607 964
608 8
608 92
608 271
608 853
608 924
609 613
609 828
609 866
610 169
610 200
611 149
611 451
611 523
611 631
611 922
612 768
612 857
613 185
613 240
615 383
615 426
615 497
615 665
615 696
615 750
615 810
615 967
615 978
616 105
616 165
616 552
616 690
616 899
617 13
617 515
617 823
618 214
618 253
618 261
618 330
618 615
618 834
619 133
619 146
619 238
619 530
619 799
620 73
620 136
621 268
621 325
621 420
621 474
621 501
621 556
621 899
622 208
622 265
622 363
622 569
622 732
623 79
623 262
623 263
623 273
623 309
623 746
623 797
623 943
624 300
624 333
624 392
624 435
624 533
624 647
624 699
625 121
625 344
625 422
625 594
626 0
626 487
627 174
627 721
628 61
628 165
628 430
628 663
628 798
629 49
629 205
629 210
629 348
629 569
630 177
630 215
630 306
630 321
630 516
630 589
630 674
630 691
630 729
630 766
630 770
630 850
631 174
631 620
631 882
632 4
632 24
632 176
632 205
632 564
632 996
633 871
633 882
633 883
634 172
634 418
634 476
634 665
634 874
634 882
634 899
635 285
635 319
635 795
636 296
636 549
636 662
637 231
637 254
638 316
638 757
638 761
639 427
639 494
640 4
640 135
640 300
640 553
640 658
640 667
640 741
641 323
641 420
641 500
641 573
642 97
642 414
642 502
642 517
642 651
642 695
643 275
643 284
643 400
643 641
643 929
644 72
644 335
645 184
645 660
645 766
645 848
645 945
646 172
646 301
646 497
646 721
646 772
646 811
647 246
647 296
647 676
648 135
648 331
648 339
648 694
648 713
648 729
649 33
649 139
649 189
649 259
649 619
649 983
650 422
650 563
650 860
650 865
650 927
650 970
651 251
652 70
652 201
653 213
653 574
653 739
653 971
654 462
654 488
654 562
654 941
654 992
655 101
655 140
655 623
655 630
655 973
656 306
656 419
656 540
656 547
656 833
657 90
657 384
657 810
657 841
658 849
658 917
659 77
659 193
659 230
659 242
659 254
659 304
659 481
659 591
659 600
659 814
659 917
659 961
659 993
660 106
660 451
660 819
660 977
661 145
661 152
661 779
662 208
662 314
662 512
662 525
662 637
663 92
663 237
663 899
663 928
664 430
665 241
665 821
665 870
666 89
666 282
666 371
666 398
666 546
666 644
666 709
666 898
667 124
667 159
667 185
667 394
667 517
668 94
668 154
668 181
668 297
668 497
669 9
669 166
669 262
669 917
670 132
670 442
670 939
670 961
671 88
671 414
671 859
672 112
672 433
672 472
672 784
672 913
672 939
672 967
672 991
673 468
673 737
673 818
673 857
673 859
673 871
674 17
674 29
674 310
674 593
674 595
674 989
675 37
675 153
675 221
675 994
676 0
676 361
676 512
677 151
677 479
677 658
677 701
678 86
678 153
678 346
678 564
678 716
678 963
679 467
679 591
679 694
679 753
680 252
680 434
680 521
680 944
680 980
681 7
681 128
681 240
681 383
681 419
681 770
681 778
681 883
682 126
682 209
682 217
682 264
682 300
682 381
682 476
682 739
682 803
682 827
682 904
683 172
683 860
683 907
684 267
684 550
684 618
684 880
685 70
685 328
685 885
686 182
686 216
686 247
686 351
686 628
686 847
686 881
686 951
686 967
687 21
687 77
687 183
688 758
689 286
689 648
689 970
690 380
690 419
690 487
690 512
690 683
690 975
690 980
691 377
691 828
692 345
692 708
692 830
692 839
692 999
693 200
693 290
693 299
693 825
694 15
694 100
694 384
694 397
694 546
694 889
695 149
695 167
695 295
695 372
695 397
695 422
695 805
695 835
696 323
696 351
696 355
696 713
696 926
697 60
697 209
697 407
697 584
697 666
697 798
698 130
698 150
698 170
698 394
698 407
698 437
698 584
698 680
698 985
699 237
699 536
700 398
700 573
700 605
700 683
700 689
700 874
701 310
701 343
701 399
701 595
701 652
702 212
702 475
702 528
702 632
702 940
703 71
703 534
703 716
704 333
704 617
704 707
704 809
705 540
705 715
705 722
705 862
706 289
706 526
706 952
707 129
707 544
707 565
708 276
708 371
708 469
708 499
708 701
709 15
709 56
709 198
709 333
709 393
709 487
709 539
709 602
710 124
710 349
710 722
710 758
710 980
711 532
711 906
712 337
712 762
713 209
713 682
713 696
713 738
713 995
714 246
714 273
714 290
714 363
714 496
714 631
715 80
715 484
715 550
716 299
716 982
717 54
717 215
717 246
717 296
717 505
717 523
717 806
718 404
718 747
718 818
719 202
719 218
719 940
719 979
720 190
720 230
720 562
720 680
720 709
720 781
720 795
721 394
721 752
721 771
722 301
722 603
722 732
722 912
723 122
723 759
723 866
724 81
724 338
724 349
724 412
724 986
725 308
725 632
725 717
725 826
727 16
727 733
727 885
727 891
728 471
728 595
728 775
729 261
729 366
729 518
729 693
729 796
730 220
731 320
731 321
731 658
731 749
731 942
731 984
732 65
732 116
732 185
732 630
732 796
732 938
733 5
733 191
733 400
733 459
733 466
733 569
734 11
734 557
734 864
735 545
737 305
737 447
737 538
737 758
738 127
738 254
738 488
739 72
739 365
739 802
740 12
740 284
740 337
740 925
741 134
741 425
741 519
742 33
742 416
742 417
742 523
742 536
742 668
742 818
743 42
743 115
743 522
743 548
743 891
744 34
744 59
744 306
744 374
744 627
744 756
744 923
745 498
745 636
745 749
745 801
745 965
745 972
746 217
746 486
746 556
746 622
747 31
747 790
747 915
748 529
748 607
748 745
749 77
749 91
749 530
749 627
749 671
749 676
749 810
749 917
750 244
750 248
750 285
750 390
750 517
750 536
750 696
750 871
750 894
751 386
751 430
751 501
751 571
751 742
751 941
752 49
752 68
752 156
752 338
752 603
752 905
752 970
753 58
753 263
753 889
753 917
753 985
754 256
754 302
754 533
754 554
754 753
754 842
755 201
755 246
755 550
755 701
755 737
756 424
756 605
756 689
756 953
757 868
758 238
758 368
758 392
758 557
759 5
759 169
759 176
759 272
759 519
760 98
760 473
760 800
761 274
761 394
761 735
761 773
761 805
762 181
762 533
762 667
762 798
763 196
763 219
763 571
763 772
763 927
763 971
764 26
764 752
764 846
765 14
765 57
765 304
765 328
765 394
765 456
765 533
765 640
766 408
766 600
767 134
767 193
767 198
767 499
767 510
767 820
767 953
768 118
768 411
768 799
768 829
769 742
769 935
769 986
770 9
770 445
770 791
771 81
771 730
771 753
771 985
772 81
772 616
772 689
772 695
773 190
773 908
774 600
774 929
775 145
775 393
776 31
776 210
776 887
777 857
777 953
777 986
778 223
778 418
778 678
779 310
779 433
779 474
779 665
780 396
781 198
781 507
781 623
781 627
781 864
781 950
781 976
782 177
782 699
783 88
783 139
783 141
783 214
783 260
783 282
783 284
783 569
783 704
783 799
783 888
784 253
784 674
784 833
785 100
785 173
785 256
785 333
785 334
785 562
785 612
785 648
785 727
785 791
786 15
786 164
786 678
786 792
786 801
786 821
786 866
786 948
787 73
787 371
787 653
788 31
788 763
788 809
788 985
789 145
789 152
789 386
789 394
789 420
789 722
790 58
790 129
790 582
790 631
790 744
790 756
790 881
790 965
791 502
792 125
792 762
792 933
793 216
793 439
793 753
793 813
793 930
793 957
793 966
794 166
794 201
794 613
794 667
794 752
794 836
795 32
795 51
795 408
795 647
795 884
796 60
796 73
796 132
796 168
796 761
796 971
797 640
797 699
797 834
798 349
798 877
798 978
799 352
799 496
799 806
799 812
799 813
799 970
800 79
800 305
800 462
800 971
801 23
801 618
802 281
802 322
802 598
802 636
803 114
803 128
803 255
803 734
803 794
803 913
804 189
804 207
804 488
804 494
804 584
804 636
805 76
805 846
805 880
805 947
805 955
805 975
806 739
806 753
806 896
807 118
807 156
807 258
807 426
807 509
807 550
807 882
807 924
808 100
808 222
808 392
808 725
808 736
808 769
809 35
809 353
809 462
809 579
810 17
810 746
810 994
811 380
811 852
812 322
812 418
813 12
813 73
813 113
813 121
813 425
813 736
813 750
814 516
814 620
814 785
814 918
815 307
815 410
815 764
816 73
816 133
816 198
816 202
816 309
816 569
816 803
817 259
817 568
817 725
817 753
817 885
817 891
817 955
818 492
818 881
819 146
819 901
820 328
820 464
820 705
821 29
821 37
821 216
821 242
821 392
821 431
821 496
821 667
821 825
822 278
822 365
822 900
823 287
823 358
823 775
823 974
824 29
824 157
824 355
824 588
824 594
824 796
824 816
824 822
825 287
825 469
825 527
825 940
826 9
826 320
827 134
827 212
827 300
827 528
827 679
827 736
827 826
827 906
828 343
828 397
828 510
828 925
829 111
829 174
829 192
829 548
829 568
829 641
829 980
830 276
830 405
831 39
831 372
831 569
831 657
832 103
832 209
832 436
832 560
832 580
832 584
832 598
832 818
832 871
833 589
833 738
834 16
834 327
834 984
835 23
835 70
835 133
835 835
835 901
836 118
836 617
836 686
836 926
837 82
837 511
837 663
837 804
838 29
838 115
838 166
838 627
839 280
839 414
839 457
839 582
839 858
840 45
840 152
840 691
840 742
840 923
841 67
841 171
841 215
841 903
842 302
842 557
842 710
843 264
843 687
844 565
844 992
845 320
845 683
845 770
845 893
846 119
846 237
846 308
846 510
847 43
847 69
847 222
847 322
847 335
847 525
847 571
847 652
847 955
848 365
848 443
848 762
848 990
850 91
850 250
850 583
850 737
850 801
851 61
851 75
851 395
851 497
851 602
851 681
851 716
852 8
852 78
852 107
852 331
852 752
853 403
853 636
853 848
853 858
854 37
854 294
854 315
854 321
854 905
854 974
854 977
855 480
855 501
855 707
856 793
857 6
857 30
857 192
857 194
857 203
857 310
857 720
858 278
858 423
858 471
858 565
858 765
858 816
859 320
859 450
859 585
859 646
859 723
860 715
860 873
860 951
861 186
861 333
861 439
861 441
861 678
861 801
862 265
862 477
862 669
862 817
863 149
863 602
863 619
863 764
863 798
863 867
864 107
864 183
864 336
864 393
864 540
865 412
865 515
865 618
865 794
865 907
865 965
866 259
866 382
866 444
866 732
867 791
867 826
868 84
868 410
869 183
869 350
869 385
869 571
869 943
870 243
870 255
870 329
870 414
870 441
870 762
870 780
871 148
871 369
871 647
872 259
872 506
872 558
873 29
873 76
873 99
873 345
873 413
874 227
874 331
874 418
874 434
874 468
874 871
875 573
875 643
875 830
875 953
876 112
876 290
876 381
876 838
876 948
877 78
877 796
878 161
878 549
878 557
879 123
879 349
879 352
879 558
879 667
879 906
880 93
880 115
880 205
880 294
880 488
880 611
881 51
881 99
881 272
881 312
881 513
881 726
881 972
882 97
882 604
882 657
882 773
883 22
883 203
883 226
883 965
884 222
884 254
884 271
884 543
884 574
884 648
884 877
885 103
885 187
885 329
885 766
886 330
886 460
886 521
886 591
886 594
886 890
886 892
886 964
887 59
887 344
887 496
887 575
888 28
888 544
888 694
888 752
888 837
889 216
889 385
889 965
890 177
890 221
890 355
890 385
890 487
890 711
890 742
890 789
890 991
891 195
891 232
891 282
891 883
892 26
892 55
892 453
892 790
893 166
893 370
893 438
893 544
893 718
893 878
893 914
893 929
894 194
894 508
894 529
895 696
895 737
895 846
896 354
896 855
897 221
897 354
897 364
897 558
897 570
898 448
898 483
898 620
898 658
898 941
898 958
899 587
900 146
900 278
900 466
900 682
900 720
900 732
901 285
901 415
901 590
901 970
902 322
902 364
902 508
902 592
902 739
902 935
903 188
903 222
903 339
903 348
903 508
903 815
903 955
904 114
904 327
905 556
905 949
906 7
906 824
906 931
907 196
907 340
907 554
907 922
907 923
908 277
908 716
908 850
909 97
909 139
909 571
910 97
910 98
910 133
910 699
910 748
911 30
911 112
911 592
911 673
911 899
912 29
912 105
912 260
912 377
912 425
912 467
912 586
912 776
913 43
913 266
913 289
913 408
913 740
913 946
914 163
914 393
914 687
914 775
915 119
915 211
915 530
915 873
915 989
916 64
916 122
916 166
916 969
917 90
917 322
917 565
917 795
917 827
918 29
918 324
918 464
918 857
919 232
919 321
919 537
919 573
919 808
919 959
920 56
920 193
920 207
920 333
920 345
920 850
921 4
921 151
921 255
921 628
921 632
921 768
921 813
922 232
922 281
922 359
922 408
923 468
923 562
923 586
923 662
923 667
923 707
923 871
923 921
923 944
924 228
924 777
924 778
925 77
925 136
925 207
925 401
925 452
925 829
925 850
925 939
926 38
926 202
926 428
926 678
926 770
926 880
926 894
927 14
927 22
927 62
927 66
927 116
927 119
927 385
927 517
927 823
928 216
928 237
928 273
928 307
929 153
929 560
929 595
929 955
930 36
930 167
930 305
930 487
930 766
930 824
930 957
931 44
931 94
931 253
932 23
932 220
932 320
932 368
933 3
933 39
933 44
933 62
933 111
933 157
933 375
933 460
933 487
933 865
934 316
934 531
934 563
934 822
935 179
935 267
935 487
936 9
936 309
936 675
937 444
937 639
937 731
938 367
938 563
938 591
938 603
939 162
939 315
939 537
939 588
939 853
940 95
940 166
940 292
940 711
940 767
940 778
940 828
940 978
941 244
941 409
941 553
941 592
941 733
941 906
941 979
942 136
942 241
942 708
942 748
943 65
943 149
943 397
943 630
943 847
944 30
944 50
944 290
944 812
944 818
944 971
945 182
945 531
945 554
945 581
946 170
946 286
946 316
946 566
946 845
947 324
947 404
947 761
947 834
947 889
947 988
948 670
948 701
949 317
949 356
949 687
950 552
951 216
951 854
952 17
952 597
952 939
953 193
953 299
953 576
953 929
954 851
954 947
954 972
955 342
956 67
956 219
956 220
956 286
956 493
956 502
957 583
957 603
957 775
957 888
957 909
958 441
958 506
958 632
958 664
958 666
958 794
958 879
959 462
959 927
959 954
960 18
960 189
960 277
960 381
961 36
961 213
961 567
962 73
962 199
962 252
962 652
963 50
963 115
963 144
963 157
963 208
963 749
963 772
963 823
963 992
964 360
964 526
964 627
964 639
965 248
965 464
965 500
965 888
966 321
966 450
966 718
966 760
967 643
967 722
968 509
968 614
968 921
968 944
969 311
969 629
969 821
970 139
970 321
970 409
970 553
970 871
970 935
971 632
971 886
971 899
971 917
972 542
972 916
972 962
973 463
973 534
973 789
974 238
974 276
974 527
974 985
974 999
975 441
975 942
976 565
976 636
976 954
977 92
977 244
977 533
977 660
978 167
978 226
978 268
978 699
978 786
978 857
979 22
979 71
979 83
979 374
979 766
979 828
979 894
980 66
980 178
980 501
980 979
981 700
982 170
982 212
982 312
982 460
982 903
983 904
984 518
984 971
985 395
985 694
985 744
986 199
986 232
986 352
986 422
986 552
987 549
987 764
987 801
988 11
988 233
988 346
988 894
988 979
989 280
989 316
989 471
989 559
989 565
989 900
990 749
990 966
991 42
991 288
991 302
991 475
991 568
991 992
992 371
992 676
992 961
993 398
993 534
993 634
994 11
994 79
994 133
994 156
994 169
994 287
994 806
994 963
995 361
995 536
995 906
995 974
996 697
996 944
997 179
997 270
997 321
997 324
997 366
997 437
998 199
998 232
998 250
998 383
998 481
998 648
999 53
999 674
999 694
